xof 0303txt 0032

template AnimTicksPerSecond {
  <9E415A43-7BA6-4a73-8743-B73D47E88476>
  DWORD AnimTicksPerSecond;
}

template XSkinMeshHeader {
  <3cf169ce-ff7c-44ab-93c0-f78f62d172e2>
  WORD nMaxSkinWeightsPerVertex;
  WORD nMaxSkinWeightsPerFace;
  WORD nBones;
}

template SkinWeights {
  <6f0d123b-bad2-4167-a0d0-80224f25fabb>
  STRING transformNodeName;
  DWORD nWeights;
  array DWORD vertexIndices[nWeights];
  array float weights[nWeights];
  Matrix4x4 matrixOffset;
}

Frame Root {
  FrameTransformMatrix {
     1.000000, 0.000000, 0.000000, 0.000000,
     0.000000,-0.000000, 1.000000, 0.000000,
     0.000000, 1.000000, 0.000000, 0.000000,
     0.000000, 0.000000, 0.000000, 1.000000;;
  }
  Frame Armature {
    FrameTransformMatrix {
       0.010000, 0.000000, 0.000000, 0.000000,
       0.000000,-0.000000, 0.010000, 0.000000,
       0.000000,-0.010000,-0.000000, 0.000000,
       0.000000, 0.000000, 0.000000, 1.000000;;
    }
    Frame Armature_arissa_Hips {
      FrameTransformMatrix {
         0.730273, 0.002655, 0.683151, 0.000000,
         0.051032, 0.996987,-0.058427, 0.000000,
        -0.681247, 0.077530, 0.727936, 0.000000,
         0.067401,89.579865,-0.878444, 1.000000;;
      }
      Frame Armature_arissa_LeftUpLeg {
        FrameTransformMatrix {
           0.965668, 0.170184,-0.196271, 0.000000,
           0.238891,-0.878579, 0.413559, 0.000000,
          -0.102059,-0.446248,-0.889071, 0.000000,
           9.633801,-3.273302, 0.000000, 1.000000;;
        }
        Frame Armature_arissa_LeftLeg {
          FrameTransformMatrix {
             0.968721, 0.146418,-0.200354, 0.000000,
            -0.003306, 0.814922, 0.579561, 0.000000,
             0.248131,-0.560770, 0.789916, 0.000000,
            -0.000003,41.357403, 0.839099, 1.000000;;
          }
          Frame Armature_arissa_LeftFoot {
            FrameTransformMatrix {
               0.990993, 0.133911,-0.000397, 0.000000,
              -0.133170, 0.985187,-0.108041, 0.000000,
              -0.014077, 0.107121, 0.994146, 0.000000,
               0.012600,39.562096, 1.738501, 1.000000;;
            }
            Frame Armature_arissa_LeftToeBase {
              FrameTransformMatrix {
                 0.998330,-0.016277,-0.055421, 0.000000,
                 0.013995, 0.999048,-0.041320, 0.000000,
                 0.056041, 0.040475, 0.997608, 0.000000,
                -0.183297,12.193098,-8.282302, 1.000000;;
              }
            } // End of Armature_arissa_LeftToeBase
          } // End of Armature_arissa_LeftFoot
        } // End of Armature_arissa_LeftLeg
      } // End of Armature_arissa_LeftUpLeg
      Frame Armature_arissa_RightUpLeg {
        FrameTransformMatrix {
           0.937074,-0.243440, 0.250259, 0.000000,
          -0.255342,-0.966723, 0.015725, 0.000000,
           0.238103,-0.078638,-0.968051, 0.000000,
          -9.633799,-3.273304,-0.000000, 1.000000;;
        }
        Frame Armature_arissa_RightLeg {
          FrameTransformMatrix {
             0.987843, 0.093598,-0.124118, 0.000000,
            -0.006967, 0.824278, 0.566143, 0.000000,
             0.155298,-0.558396, 0.814909, 0.000000,
             0.000001,41.357407, 0.839100, 1.000000;;
          }
          Frame Armature_arissa_RightFoot {
            FrameTransformMatrix {
               0.954461,-0.295244, 0.042835, 0.000000,
               0.288942, 0.879085,-0.379107, 0.000000,
               0.074273, 0.374220, 0.924361, 0.000000,
               0.012600,39.562099, 1.738502, 1.000000;;
            }
            Frame Armature_arissa_RightToeBase {
              FrameTransformMatrix {
                 0.999964,-0.006006,-0.006043, 0.000000,
                 0.005815, 0.999497,-0.031184, 0.000000,
                 0.006227, 0.031148, 0.999495, 0.000000,
                -0.183298,12.193101,-8.282301, 1.000000;;
              }
            } // End of Armature_arissa_RightToeBase
          } // End of Armature_arissa_RightFoot
        } // End of Armature_arissa_RightLeg
      } // End of Armature_arissa_RightUpLeg
      Frame Armature_arissa_Spine {
        FrameTransformMatrix {
           0.996620,-0.013521,-0.081029, 0.000000,
           0.021624, 0.994756, 0.099968, 0.000000,
           0.079253,-0.101382, 0.991686, 0.000000,
           0.000000, 9.226306, 1.577100, 1.000000;;
        }
        Frame Armature_arissa_Spine1 {
          FrameTransformMatrix {
             0.986182,-0.020257,-0.164420, 0.000000,
             0.052902, 0.979039, 0.196681, 0.000000,
             0.156989,-0.202661, 0.966583, 0.000000,
            -0.000000,16.253994,-0.165600, 1.000000;;
          }
          Frame Armature_arissa_Spine2 {
            FrameTransformMatrix {
               0.986182,-0.020257,-0.164419, 0.000000,
               0.052902, 0.979039, 0.196681, 0.000000,
               0.156989,-0.202661, 0.966583, 0.000000,
               0.000000,13.639603,-1.292302, 1.000000;;
            }
            Frame Armature_arissa_LeftShoulder {
              FrameTransformMatrix {
                 0.137058, 0.990227, 0.025782, 0.000000,
                 0.990488,-0.137321, 0.008719, 0.000000,
                 0.012174, 0.024342,-0.999629, 0.000000,
                 6.144200,10.187002,-3.793200, 1.000000;;
              }
              Frame Armature_arissa_LeftArm {
                FrameTransformMatrix {
                   0.426629, 0.892412, 0.146931, 0.000000,
                  -0.870298, 0.449283,-0.201808, 0.000000,
                  -0.246109,-0.041777, 0.968341, 0.000000,
                  -1.113007, 9.019100, 1.793499, 1.000000;;
                }
                Frame Armature_arissa_LeftForeArm {
                  FrameTransformMatrix {
                     0.992999,-0.069821,-0.095275, 0.000000,
                    -0.023821, 0.671651,-0.740485, 0.000000,
                     0.115693, 0.737571, 0.665285, 0.000000,
                     0.000004,27.686989,-0.000002, 1.000000;;
                  }
                  Frame Armature_arissa_LeftHand {
                    FrameTransformMatrix {
                       0.895915,-0.252036,-0.365805, 0.000000,
                       0.285414, 0.957601, 0.039247, 0.000000,
                       0.340404,-0.139568, 0.929863, 0.000000,
                       0.000001,27.873791, 0.000000, 1.000000;;
                    }
                    Frame Armature_arissa_LeftHandIndex1 {
                      FrameTransformMatrix {
                         0.999848,-0.016045, 0.006888, 0.000000,
                         0.017130, 0.977822,-0.208738, 0.000000,
                        -0.003386, 0.208825, 0.977947, 0.000000,
                         0.489582,10.072403,-2.761106, 1.000000;;
                      }
                      Frame Armature_arissa_LeftHandIndex2 {
                        FrameTransformMatrix {
                           0.971555, 0.236795,-0.002824, 0.000000,
                          -0.236778, 0.971149,-0.028393, 0.000000,
                          -0.003981, 0.028254, 0.999593, 0.000000,
                          -0.000001, 3.734099,-0.051303, 1.000000;;
                        }
                        Frame Armature_arissa_LeftHandIndex3 {
                          FrameTransformMatrix {
                            -0.162399, 0.986721, 0.003060, 0.000000,
                            -0.000376, 0.003039,-0.999995, 0.000000,
                            -0.986725,-0.162400,-0.000123, 0.000000,
                            -0.136407, 2.873698,-0.000001, 1.000000;;
                          }
                          Frame Armature_arissa_LeftHandIndex4 {
                            FrameTransformMatrix {
                               1.000000, 0.000000,-0.000000, 0.000000,
                              -0.000000, 1.000000,-0.000001, 0.000000,
                               0.000000, 0.000001, 1.000000, 0.000000,
                              -0.000005,-0.000006, 0.000001, 1.000000;;
                            }
                          } // End of Armature_arissa_LeftHandIndex4
                        } // End of Armature_arissa_LeftHandIndex3
                      } // End of Armature_arissa_LeftHandIndex2
                    } // End of Armature_arissa_LeftHandIndex1
                    Frame Armature_arissa_LeftHandMiddle1 {
                      FrameTransformMatrix {
                         0.983029, 0.182905,-0.014160, 0.000000,
                        -0.181525, 0.980958, 0.069062, 0.000000,
                         0.026522,-0.065320, 0.997512, 0.000000,
                         0.718185,10.194801,-0.978202, 1.000000;;
                      }
                      Frame Armature_arissa_LeftHandMiddle2 {
                        FrameTransformMatrix {
                           0.952332, 0.304938,-0.008791, 0.000000,
                          -0.304647, 0.949126,-0.079685, 0.000000,
                          -0.015955, 0.078565, 0.996781, 0.000000,
                          -0.047101, 3.960094,-0.064202, 1.000000;;
                        }
                        Frame Armature_arissa_LeftHandMiddle3 {
                          FrameTransformMatrix {
                            -0.138637, 0.990334,-0.004216, 0.000000,
                             0.000599,-0.004173,-0.999991, 0.000000,
                            -0.990343,-0.138638,-0.000015, 0.000000,
                            -0.226101, 2.860000,-0.005501, 1.000000;;
                          }
                          Frame Armature_arissa_LeftHandMiddle4 {
                            FrameTransformMatrix {
                               1.000000, 0.000000,-0.000000, 0.000000,
                              -0.000000, 1.000000,-0.000001, 0.000000,
                              -0.000000, 0.000001, 1.000000, 0.000000,
                              -0.000004, 0.000000, 0.000006, 1.000000;;
                            }
                          } // End of Armature_arissa_LeftHandMiddle4
                        } // End of Armature_arissa_LeftHandMiddle3
                      } // End of Armature_arissa_LeftHandMiddle2
                    } // End of Armature_arissa_LeftHandMiddle1
                    Frame Armature_arissa_LeftHandPinky1 {
                      FrameTransformMatrix {
                         0.863447, 0.501640, 0.053066, 0.000000,
                        -0.502706, 0.846993, 0.172886, 0.000000,
                         0.041780,-0.175955, 0.983511, 0.000000,
                        -0.119125, 9.678006, 2.552496, 1.000000;;
                      }
                      Frame Armature_arissa_LeftHandPinky2 {
                        FrameTransformMatrix {
                           0.782017, 0.618632,-0.075794, 0.000000,
                          -0.622430, 0.768918,-0.146105, 0.000000,
                          -0.032106, 0.161433, 0.986361, 0.000000,
                          -0.076200, 3.093791,-0.016800, 1.000000;;
                        }
                        Frame Armature_arissa_LeftHandPinky3 {
                          FrameTransformMatrix {
                            -0.127902, 0.991681,-0.014456, 0.000000,
                            -0.000502,-0.014641,-0.999893, 0.000000,
                            -0.991787,-0.127881, 0.002370, 0.000000,
                            -0.064104, 2.722493,-0.023203, 1.000000;;
                          }
                          Frame Armature_arissa_LeftHandPinky4 {
                            FrameTransformMatrix {
                               1.000000, 0.000000, 0.000000, 0.000000,
                              -0.000000, 1.000000,-0.000001, 0.000000,
                              -0.000000, 0.000001, 1.000000, 0.000000,
                              -0.000016, 0.000000, 0.000001, 1.000000;;
                            }
                          } // End of Armature_arissa_LeftHandPinky4
                        } // End of Armature_arissa_LeftHandPinky3
                      } // End of Armature_arissa_LeftHandPinky2
                    } // End of Armature_arissa_LeftHandPinky1
                    Frame Armature_arissa_LeftHandRing1 {
                      FrameTransformMatrix {
                         0.904510, 0.425267, 0.031785, 0.000000,
                        -0.426120, 0.898342, 0.106786, 0.000000,
                         0.016859,-0.110133, 0.993774, 0.000000,
                         0.591973, 9.930205, 0.958597, 1.000000;;
                      }
                      Frame Armature_arissa_LeftHandRing2 {
                        FrameTransformMatrix {
                           0.849523, 0.526988,-0.024383, 0.000000,
                          -0.526396, 0.843696,-0.105282, 0.000000,
                          -0.034911, 0.102274, 0.994143, 0.000000,
                          -0.198994, 3.864503, 0.014702, 1.000000;;
                        }
                        Frame Armature_arissa_LeftHandRing3 {
                          FrameTransformMatrix {
                            -0.076082, 0.997102,-0.000224, 0.000000,
                             0.001375,-0.000119,-0.999999, 0.000000,
                            -0.997101,-0.076083,-0.001362, 0.000000,
                            -0.134909, 2.911998, 0.028397, 1.000000;;
                          }
                          Frame Armature_arissa_LeftHandRing4 {
                            FrameTransformMatrix {
                               1.000000, 0.000000,-0.000000, 0.000000,
                              -0.000000, 1.000000,-0.000001, 0.000000,
                               0.000000, 0.000001, 1.000000, 0.000000,
                              -0.000004, 0.000007, 0.000002, 1.000000;;
                            }
                          } // End of Armature_arissa_LeftHandRing4
                        } // End of Armature_arissa_LeftHandRing3
                      } // End of Armature_arissa_LeftHandRing2
                    } // End of Armature_arissa_LeftHandRing1
                    Frame Armature_arissa_LeftHandThumb1 {
                      FrameTransformMatrix {
                         0.961680, 0.160154,-0.222535, 0.000000,
                        -0.120559, 0.975990, 0.181407, 0.000000,
                         0.246245,-0.147627, 0.957899, 0.000000,
                        -0.936711, 2.517809,-2.513704, 1.000000;;
                      }
                      Frame Armature_arissa_LeftHandThumb2 {
                        FrameTransformMatrix {
                           0.994231, 0.098605,-0.042213, 0.000000,
                          -0.104402, 0.979899,-0.169995, 0.000000,
                           0.024602, 0.173422, 0.984540, 0.000000,
                          -1.149200, 3.308898,-2.925304, 1.000000;;
                        }
                        Frame Armature_arissa_LeftHandThumb3 {
                          FrameTransformMatrix {
                            -0.085714, 0.991984,-0.092842, 0.000000,
                            -0.031704,-0.095854,-0.994890, 0.000000,
                            -0.995815,-0.082333, 0.039666, 0.000000,
                            -0.457401, 2.827901,-1.703002, 1.000000;;
                          }
                          Frame Armature_arissa_LeftHandThumb4 {
                            FrameTransformMatrix {
                               1.000000, 0.000004,-0.000000, 0.000000,
                              -0.000004, 1.000000, 0.000001, 0.000000,
                               0.000000,-0.000001, 1.000000, 0.000000,
                               0.000007,-0.000000,-0.000003, 1.000000;;
                            }
                          } // End of Armature_arissa_LeftHandThumb4
                        } // End of Armature_arissa_LeftHandThumb3
                      } // End of Armature_arissa_LeftHandThumb2
                    } // End of Armature_arissa_LeftHandThumb1
                  } // End of Armature_arissa_LeftHand
                } // End of Armature_arissa_LeftForeArm
              } // End of Armature_arissa_LeftArm
            } // End of Armature_arissa_LeftShoulder
            Frame Armature_arissa_Neck {
              FrameTransformMatrix {
                 0.999984, 0.001149, 0.005507, 0.000000,
                -0.001045, 0.999823,-0.018786, 0.000000,
                -0.005527, 0.018780, 0.999808, 0.000000,
                 0.000001,13.877394,-4.354196, 1.000000;;
              }
              Frame Armature_arissa_Neck1 {
                FrameTransformMatrix {
                   0.999984, 0.001149, 0.005507, 0.000000,
                  -0.001045, 0.999823,-0.018786, 0.000000,
                  -0.005527, 0.018780, 0.999808, 0.000000,
                   0.000000, 4.339996, 0.926901, 1.000000;;
                }
                Frame Armature_arissa_Head {
                  FrameTransformMatrix {
                     0.999984, 0.001149, 0.005507, 0.000000,
                    -0.001045, 0.999823,-0.018786, 0.000000,
                    -0.005527, 0.018780, 0.999808, 0.000000,
                     0.000001, 4.026598, 0.858495, 1.000000;;
                  }
                } // End of Armature_arissa_Head
              } // End of Armature_arissa_Neck1
            } // End of Armature_arissa_Neck
            Frame Armature_arissa_RightShoulder {
              FrameTransformMatrix {
                -0.167788, 0.984430, 0.052384, 0.000000,
                -0.972018,-0.174066, 0.157738, 0.000000,
                 0.164401,-0.024452, 0.986090, 0.000000,
                -6.140199,10.186993,-3.793196, 1.000000;;
              }
              Frame Armature_arissa_RightArm {
                FrameTransformMatrix {
                   0.499432, 0.793686,-0.347319, 0.000000,
                  -0.866136, 0.448444,-0.220696, 0.000000,
                  -0.019410, 0.411048, 0.911407, 0.000000,
                  -1.113020, 9.023101,-1.793500, 1.000000;;
                }
                Frame Armature_arissa_RightForeArm {
                  FrameTransformMatrix {
                     0.994305, 0.104258,-0.022069, 0.000000,
                    -0.062400, 0.737463, 0.672499, 0.000000,
                     0.086388,-0.667292, 0.739769, 0.000000,
                    -0.000001,27.687006,-0.000009, 1.000000;;
                  }
                  Frame Armature_arissa_RightHand {
                    FrameTransformMatrix {
                       0.935821, 0.242302, 0.255986, 0.000000,
                      -0.269512, 0.959942, 0.076641, 0.000000,
                      -0.227162,-0.140713, 0.963638, 0.000000,
                      -0.000007,27.873783, 0.000001, 1.000000;;
                    }
                    Frame Armature_arissa_RightHandIndex1 {
                      FrameTransformMatrix {
                         0.999793, 0.012303,-0.016187, 0.000000,
                        -0.011139, 0.997476, 0.070132, 0.000000,
                         0.017009,-0.069937, 0.997406, 0.000000,
                         0.489589,10.072407, 2.761098, 1.000000;;
                      }
                      Frame Armature_arissa_RightHandIndex2 {
                        FrameTransformMatrix {
                           0.969229, 0.246136, 0.003580, 0.000000,
                          -0.246151, 0.968945, 0.023551, 0.000000,
                           0.002328,-0.023707, 0.999716, 0.000000,
                           0.000001, 3.734088, 0.051300, 1.000000;;
                        }
                        Frame Armature_arissa_RightHandIndex3 {
                          FrameTransformMatrix {
                             0.105555,-0.994259, 0.017543, 0.000000,
                            -0.001081, 0.017526, 0.999846, 0.000000,
                            -0.994413,-0.105558, 0.000775, 0.000000,
                            -0.136404, 2.873700, 0.000002, 1.000000;;
                          }
                          Frame Armature_arissa_RightHandIndex4 {
                            FrameTransformMatrix {
                               1.000000, 0.000000,-0.000000, 0.000000,
                              -0.000000, 1.000000, 0.000001, 0.000000,
                               0.000000,-0.000001, 1.000000, 0.000000,
                              -0.000002,-0.000003, 0.000002, 1.000000;;
                            }
                          } // End of Armature_arissa_RightHandIndex4
                        } // End of Armature_arissa_RightHandIndex3
                      } // End of Armature_arissa_RightHandIndex2
                    } // End of Armature_arissa_RightHandIndex1
                    Frame Armature_arissa_RightHandMiddle1 {
                      FrameTransformMatrix {
                         0.989475, 0.144653,-0.003794, 0.000000,
                        -0.144250, 0.988115, 0.053104, 0.000000,
                         0.011431,-0.051998, 0.998582, 0.000000,
                         0.718193,10.194808, 0.978199, 1.000000;;
                      }
                      Frame Armature_arissa_RightHandMiddle2 {
                        FrameTransformMatrix {
                           0.895903, 0.443818, 0.019585, 0.000000,
                          -0.443490, 0.890921, 0.097857, 0.000000,
                           0.025982,-0.096356, 0.995008, 0.000000,
                          -0.047107, 3.960105, 0.064201, 1.000000;;
                        }
                        Frame Armature_arissa_RightHandMiddle3 {
                          FrameTransformMatrix {
                             0.094536,-0.995520,-0.001921, 0.000000,
                             0.000419,-0.001890, 0.999998, 0.000000,
                            -0.995521,-0.094536, 0.000238, 0.000000,
                            -0.226101, 2.860013, 0.005498, 1.000000;;
                          }
                          Frame Armature_arissa_RightHandMiddle4 {
                            FrameTransformMatrix {
                               1.000000,-0.000000, 0.000000, 0.000000,
                               0.000000, 1.000000,-0.000001, 0.000000,
                              -0.000000, 0.000001, 1.000000, 0.000000,
                              -0.000008, 0.000003, 0.000005, 1.000000;;
                            }
                          } // End of Armature_arissa_RightHandMiddle4
                        } // End of Armature_arissa_RightHandMiddle3
                      } // End of Armature_arissa_RightHandMiddle2
                    } // End of Armature_arissa_RightHandMiddle1
                    Frame Armature_arissa_RightHandPinky1 {
                      FrameTransformMatrix {
                         0.942694, 0.332437, 0.028535, 0.000000,
                        -0.330388, 0.941977,-0.059355, 0.000000,
                        -0.046611, 0.046526, 0.997829, 0.000000,
                        -0.119116, 9.678017,-2.552504, 1.000000;;
                      }
                      Frame Armature_arissa_RightHandPinky2 {
                        FrameTransformMatrix {
                           0.767029, 0.634930, 0.092357, 0.000000,
                          -0.639887, 0.746450, 0.182638, 0.000000,
                           0.047022,-0.199187, 0.978833, 0.000000,
                          -0.076200, 3.093792, 0.016801, 1.000000;;
                        }
                        Frame Armature_arissa_RightHandPinky3 {
                          FrameTransformMatrix {
                             0.104663,-0.993776, 0.038133, 0.000000,
                            -0.003394, 0.037987, 0.999273, 0.000000,
                            -0.994502,-0.104716, 0.000603, 0.000000,
                            -0.064105, 2.722493, 0.023201, 1.000000;;
                          }
                          Frame Armature_arissa_RightHandPinky4 {
                            FrameTransformMatrix {
                               1.000000,-0.000000,-0.000000, 0.000000,
                               0.000000, 1.000000,-0.000001, 0.000000,
                               0.000000, 0.000001, 1.000000, 0.000000,
                              -0.000002, 0.000001, 0.000000, 1.000000;;
                            }
                          } // End of Armature_arissa_RightHandPinky4
                        } // End of Armature_arissa_RightHandPinky3
                      } // End of Armature_arissa_RightHandPinky2
                    } // End of Armature_arissa_RightHandPinky1
                    Frame Armature_arissa_RightHandRing1 {
                      FrameTransformMatrix {
                         0.964526, 0.262360, 0.029268, 0.000000,
                        -0.262392, 0.964957,-0.002819, 0.000000,
                        -0.028982,-0.004961, 0.999568, 0.000000,
                         0.591985, 9.930210,-0.958603, 1.000000;;
                      }
                      Frame Armature_arissa_RightHandRing2 {
                        FrameTransformMatrix {
                           0.797804, 0.601747, 0.037542, 0.000000,
                          -0.600914, 0.788538, 0.130808, 0.000000,
                           0.049110,-0.126919, 0.990697, 0.000000,
                          -0.198997, 3.864500,-0.014702, 1.000000;;
                        }
                        Frame Armature_arissa_RightHandRing3 {
                          FrameTransformMatrix {
                             0.105741,-0.993884, 0.031831, 0.000000,
                            -0.001659, 0.031834, 0.999492, 0.000000,
                            -0.994392,-0.105740, 0.001717, 0.000000,
                            -0.134913, 2.911994,-0.028401, 1.000000;;
                          }
                          Frame Armature_arissa_RightHandRing4 {
                            FrameTransformMatrix {
                               1.000000,-0.000000,-0.000000, 0.000000,
                               0.000000, 1.000000,-0.000001, 0.000000,
                              -0.000000, 0.000001, 1.000000, 0.000000,
                               0.000000, 0.000002,-0.000002, 1.000000;;
                            }
                          } // End of Armature_arissa_RightHandRing4
                        } // End of Armature_arissa_RightHandRing3
                      } // End of Armature_arissa_RightHandRing2
                    } // End of Armature_arissa_RightHandRing1
                    Frame Armature_arissa_RightHandThumb1 {
                      FrameTransformMatrix {
                         0.992363, 0.088135,-0.086300, 0.000000,
                        -0.099410, 0.985636,-0.136527, 0.000000,
                         0.073028, 0.144063, 0.986870, 0.000000,
                        -0.936702, 2.517808, 2.513697, 1.000000;;
                      }
                      Frame Armature_arissa_RightHandThumb2 {
                        FrameTransformMatrix {
                           0.988754, 0.107857, 0.103593, 0.000000,
                          -0.086744, 0.977903,-0.190216, 0.000000,
                          -0.121820, 0.179091, 0.976261, 0.000000,
                          -1.149199, 3.308904, 2.925300, 1.000000;;
                        }
                        Frame Armature_arissa_RightHandThumb3 {
                          FrameTransformMatrix {
                             0.140480,-0.985612, 0.093987, 0.000000,
                            -0.107933, 0.079118, 0.991005, 0.000000,
                            -0.984183,-0.149361,-0.095265, 0.000000,
                            -0.457406, 2.827901, 1.703001, 1.000000;;
                          }
                          Frame Armature_arissa_RightHandThumb4 {
                            FrameTransformMatrix {
                               1.000000,-0.000004, 0.000000, 0.000000,
                               0.000004, 1.000000,-0.000005, 0.000000,
                              -0.000000, 0.000005, 1.000000, 0.000000,
                              -0.000001,-0.000001, 0.000000, 1.000000;;
                            }
                          } // End of Armature_arissa_RightHandThumb4
                        } // End of Armature_arissa_RightHandThumb3
                      } // End of Armature_arissa_RightHandThumb2
                    } // End of Armature_arissa_RightHandThumb1
                  } // End of Armature_arissa_RightHand
                } // End of Armature_arissa_RightForeArm
              } // End of Armature_arissa_RightArm
            } // End of Armature_arissa_RightShoulder
          } // End of Armature_arissa_Spine2
        } // End of Armature_arissa_Spine1
      } // End of Armature_arissa_Spine
    } // End of Armature_arissa_Hips
  } // End of Armature
} // End of Root
AnimTicksPerSecond {
  60;
}
AnimationSet Global {
  Animation {
    {Armature}
    AnimationKey { // Rotation
      0;
      250;
      0;4;-0.707107, 0.707107, 0.000000, 0.000000;;,
      1;4;-0.707107, 0.707107, 0.000000, 0.000000;;,
      2;4;-0.707107, 0.707107, 0.000000, 0.000000;;,
      3;4;-0.707107, 0.707107, 0.000000, 0.000000;;,
      4;4;-0.707107, 0.707107, 0.000000, 0.000000;;,
      5;4;-0.707107, 0.707107, 0.000000, 0.000000;;,
      6;4;-0.707107, 0.707107, 0.000000, 0.000000;;,
      7;4;-0.707107, 0.707107, 0.000000, 0.000000;;,
      8;4;-0.707107, 0.707107, 0.000000, 0.000000;;,
      9;4;-0.707107, 0.707107, 0.000000, 0.000000;;,
      10;4;-0.707107, 0.707107, 0.000000, 0.000000;;,
      11;4;-0.707107, 0.707107, 0.000000, 0.000000;;,
      12;4;-0.707107, 0.707107, 0.000000, 0.000000;;,
      13;4;-0.707107, 0.707107, 0.000000, 0.000000;;,
      14;4;-0.707107, 0.707107, 0.000000, 0.000000;;,
      15;4;-0.707107, 0.707107, 0.000000, 0.000000;;,
      16;4;-0.707107, 0.707107, 0.000000, 0.000000;;,
      17;4;-0.707107, 0.707107, 0.000000, 0.000000;;,
      18;4;-0.707107, 0.707107, 0.000000, 0.000000;;,
      19;4;-0.707107, 0.707107, 0.000000, 0.000000;;,
      20;4;-0.707107, 0.707107, 0.000000, 0.000000;;,
      21;4;-0.707107, 0.707107, 0.000000, 0.000000;;,
      22;4;-0.707107, 0.707107, 0.000000, 0.000000;;,
      23;4;-0.707107, 0.707107, 0.000000, 0.000000;;,
      24;4;-0.707107, 0.707107, 0.000000, 0.000000;;,
      25;4;-0.707107, 0.707107, 0.000000, 0.000000;;,
      26;4;-0.707107, 0.707107, 0.000000, 0.000000;;,
      27;4;-0.707107, 0.707107, 0.000000, 0.000000;;,
      28;4;-0.707107, 0.707107, 0.000000, 0.000000;;,
      29;4;-0.707107, 0.707107, 0.000000, 0.000000;;,
      30;4;-0.707107, 0.707107, 0.000000, 0.000000;;,
      31;4;-0.707107, 0.707107, 0.000000, 0.000000;;,
      32;4;-0.707107, 0.707107, 0.000000, 0.000000;;,
      33;4;-0.707107, 0.707107, 0.000000, 0.000000;;,
      34;4;-0.707107, 0.707107, 0.000000, 0.000000;;,
      35;4;-0.707107, 0.707107, 0.000000, 0.000000;;,
      36;4;-0.707107, 0.707107, 0.000000, 0.000000;;,
      37;4;-0.707107, 0.707107, 0.000000, 0.000000;;,
      38;4;-0.707107, 0.707107, 0.000000, 0.000000;;,
      39;4;-0.707107, 0.707107, 0.000000, 0.000000;;,
      40;4;-0.707107, 0.707107, 0.000000, 0.000000;;,
      41;4;-0.707107, 0.707107, 0.000000, 0.000000;;,
      42;4;-0.707107, 0.707107, 0.000000, 0.000000;;,
      43;4;-0.707107, 0.707107, 0.000000, 0.000000;;,
      44;4;-0.707107, 0.707107, 0.000000, 0.000000;;,
      45;4;-0.707107, 0.707107, 0.000000, 0.000000;;,
      46;4;-0.707107, 0.707107, 0.000000, 0.000000;;,
      47;4;-0.707107, 0.707107, 0.000000, 0.000000;;,
      48;4;-0.707107, 0.707107, 0.000000, 0.000000;;,
      49;4;-0.707107, 0.707107, 0.000000, 0.000000;;,
      50;4;-0.707107, 0.707107, 0.000000, 0.000000;;,
      51;4;-0.707107, 0.707107, 0.000000, 0.000000;;,
      52;4;-0.707107, 0.707107, 0.000000, 0.000000;;,
      53;4;-0.707107, 0.707107, 0.000000, 0.000000;;,
      54;4;-0.707107, 0.707107, 0.000000, 0.000000;;,
      55;4;-0.707107, 0.707107, 0.000000, 0.000000;;,
      56;4;-0.707107, 0.707107, 0.000000, 0.000000;;,
      57;4;-0.707107, 0.707107, 0.000000, 0.000000;;,
      58;4;-0.707107, 0.707107, 0.000000, 0.000000;;,
      59;4;-0.707107, 0.707107, 0.000000, 0.000000;;,
      60;4;-0.707107, 0.707107, 0.000000, 0.000000;;,
      61;4;-0.707107, 0.707107, 0.000000, 0.000000;;,
      62;4;-0.707107, 0.707107, 0.000000, 0.000000;;,
      63;4;-0.707107, 0.707107, 0.000000, 0.000000;;,
      64;4;-0.707107, 0.707107, 0.000000, 0.000000;;,
      65;4;-0.707107, 0.707107, 0.000000, 0.000000;;,
      66;4;-0.707107, 0.707107, 0.000000, 0.000000;;,
      67;4;-0.707107, 0.707107, 0.000000, 0.000000;;,
      68;4;-0.707107, 0.707107, 0.000000, 0.000000;;,
      69;4;-0.707107, 0.707107, 0.000000, 0.000000;;,
      70;4;-0.707107, 0.707107, 0.000000, 0.000000;;,
      71;4;-0.707107, 0.707107, 0.000000, 0.000000;;,
      72;4;-0.707107, 0.707107, 0.000000, 0.000000;;,
      73;4;-0.707107, 0.707107, 0.000000, 0.000000;;,
      74;4;-0.707107, 0.707107, 0.000000, 0.000000;;,
      75;4;-0.707107, 0.707107, 0.000000, 0.000000;;,
      76;4;-0.707107, 0.707107, 0.000000, 0.000000;;,
      77;4;-0.707107, 0.707107, 0.000000, 0.000000;;,
      78;4;-0.707107, 0.707107, 0.000000, 0.000000;;,
      79;4;-0.707107, 0.707107, 0.000000, 0.000000;;,
      80;4;-0.707107, 0.707107, 0.000000, 0.000000;;,
      81;4;-0.707107, 0.707107, 0.000000, 0.000000;;,
      82;4;-0.707107, 0.707107, 0.000000, 0.000000;;,
      83;4;-0.707107, 0.707107, 0.000000, 0.000000;;,
      84;4;-0.707107, 0.707107, 0.000000, 0.000000;;,
      85;4;-0.707107, 0.707107, 0.000000, 0.000000;;,
      86;4;-0.707107, 0.707107, 0.000000, 0.000000;;,
      87;4;-0.707107, 0.707107, 0.000000, 0.000000;;,
      88;4;-0.707107, 0.707107, 0.000000, 0.000000;;,
      89;4;-0.707107, 0.707107, 0.000000, 0.000000;;,
      90;4;-0.707107, 0.707107, 0.000000, 0.000000;;,
      91;4;-0.707107, 0.707107, 0.000000, 0.000000;;,
      92;4;-0.707107, 0.707107, 0.000000, 0.000000;;,
      93;4;-0.707107, 0.707107, 0.000000, 0.000000;;,
      94;4;-0.707107, 0.707107, 0.000000, 0.000000;;,
      95;4;-0.707107, 0.707107, 0.000000, 0.000000;;,
      96;4;-0.707107, 0.707107, 0.000000, 0.000000;;,
      97;4;-0.707107, 0.707107, 0.000000, 0.000000;;,
      98;4;-0.707107, 0.707107, 0.000000, 0.000000;;,
      99;4;-0.707107, 0.707107, 0.000000, 0.000000;;,
      100;4;-0.707107, 0.707107, 0.000000, 0.000000;;,
      101;4;-0.707107, 0.707107, 0.000000, 0.000000;;,
      102;4;-0.707107, 0.707107, 0.000000, 0.000000;;,
      103;4;-0.707107, 0.707107, 0.000000, 0.000000;;,
      104;4;-0.707107, 0.707107, 0.000000, 0.000000;;,
      105;4;-0.707107, 0.707107, 0.000000, 0.000000;;,
      106;4;-0.707107, 0.707107, 0.000000, 0.000000;;,
      107;4;-0.707107, 0.707107, 0.000000, 0.000000;;,
      108;4;-0.707107, 0.707107, 0.000000, 0.000000;;,
      109;4;-0.707107, 0.707107, 0.000000, 0.000000;;,
      110;4;-0.707107, 0.707107, 0.000000, 0.000000;;,
      111;4;-0.707107, 0.707107, 0.000000, 0.000000;;,
      112;4;-0.707107, 0.707107, 0.000000, 0.000000;;,
      113;4;-0.707107, 0.707107, 0.000000, 0.000000;;,
      114;4;-0.707107, 0.707107, 0.000000, 0.000000;;,
      115;4;-0.707107, 0.707107, 0.000000, 0.000000;;,
      116;4;-0.707107, 0.707107, 0.000000, 0.000000;;,
      117;4;-0.707107, 0.707107, 0.000000, 0.000000;;,
      118;4;-0.707107, 0.707107, 0.000000, 0.000000;;,
      119;4;-0.707107, 0.707107, 0.000000, 0.000000;;,
      120;4;-0.707107, 0.707107, 0.000000, 0.000000;;,
      121;4;-0.707107, 0.707107, 0.000000, 0.000000;;,
      122;4;-0.707107, 0.707107, 0.000000, 0.000000;;,
      123;4;-0.707107, 0.707107, 0.000000, 0.000000;;,
      124;4;-0.707107, 0.707107, 0.000000, 0.000000;;,
      125;4;-0.707107, 0.707107, 0.000000, 0.000000;;,
      126;4;-0.707107, 0.707107, 0.000000, 0.000000;;,
      127;4;-0.707107, 0.707107, 0.000000, 0.000000;;,
      128;4;-0.707107, 0.707107, 0.000000, 0.000000;;,
      129;4;-0.707107, 0.707107, 0.000000, 0.000000;;,
      130;4;-0.707107, 0.707107, 0.000000, 0.000000;;,
      131;4;-0.707107, 0.707107, 0.000000, 0.000000;;,
      132;4;-0.707107, 0.707107, 0.000000, 0.000000;;,
      133;4;-0.707107, 0.707107, 0.000000, 0.000000;;,
      134;4;-0.707107, 0.707107, 0.000000, 0.000000;;,
      135;4;-0.707107, 0.707107, 0.000000, 0.000000;;,
      136;4;-0.707107, 0.707107, 0.000000, 0.000000;;,
      137;4;-0.707107, 0.707107, 0.000000, 0.000000;;,
      138;4;-0.707107, 0.707107, 0.000000, 0.000000;;,
      139;4;-0.707107, 0.707107, 0.000000, 0.000000;;,
      140;4;-0.707107, 0.707107, 0.000000, 0.000000;;,
      141;4;-0.707107, 0.707107, 0.000000, 0.000000;;,
      142;4;-0.707107, 0.707107, 0.000000, 0.000000;;,
      143;4;-0.707107, 0.707107, 0.000000, 0.000000;;,
      144;4;-0.707107, 0.707107, 0.000000, 0.000000;;,
      145;4;-0.707107, 0.707107, 0.000000, 0.000000;;,
      146;4;-0.707107, 0.707107, 0.000000, 0.000000;;,
      147;4;-0.707107, 0.707107, 0.000000, 0.000000;;,
      148;4;-0.707107, 0.707107, 0.000000, 0.000000;;,
      149;4;-0.707107, 0.707107, 0.000000, 0.000000;;,
      150;4;-0.707107, 0.707107, 0.000000, 0.000000;;,
      151;4;-0.707107, 0.707107, 0.000000, 0.000000;;,
      152;4;-0.707107, 0.707107, 0.000000, 0.000000;;,
      153;4;-0.707107, 0.707107, 0.000000, 0.000000;;,
      154;4;-0.707107, 0.707107, 0.000000, 0.000000;;,
      155;4;-0.707107, 0.707107, 0.000000, 0.000000;;,
      156;4;-0.707107, 0.707107, 0.000000, 0.000000;;,
      157;4;-0.707107, 0.707107, 0.000000, 0.000000;;,
      158;4;-0.707107, 0.707107, 0.000000, 0.000000;;,
      159;4;-0.707107, 0.707107, 0.000000, 0.000000;;,
      160;4;-0.707107, 0.707107, 0.000000, 0.000000;;,
      161;4;-0.707107, 0.707107, 0.000000, 0.000000;;,
      162;4;-0.707107, 0.707107, 0.000000, 0.000000;;,
      163;4;-0.707107, 0.707107, 0.000000, 0.000000;;,
      164;4;-0.707107, 0.707107, 0.000000, 0.000000;;,
      165;4;-0.707107, 0.707107, 0.000000, 0.000000;;,
      166;4;-0.707107, 0.707107, 0.000000, 0.000000;;,
      167;4;-0.707107, 0.707107, 0.000000, 0.000000;;,
      168;4;-0.707107, 0.707107, 0.000000, 0.000000;;,
      169;4;-0.707107, 0.707107, 0.000000, 0.000000;;,
      170;4;-0.707107, 0.707107, 0.000000, 0.000000;;,
      171;4;-0.707107, 0.707107, 0.000000, 0.000000;;,
      172;4;-0.707107, 0.707107, 0.000000, 0.000000;;,
      173;4;-0.707107, 0.707107, 0.000000, 0.000000;;,
      174;4;-0.707107, 0.707107, 0.000000, 0.000000;;,
      175;4;-0.707107, 0.707107, 0.000000, 0.000000;;,
      176;4;-0.707107, 0.707107, 0.000000, 0.000000;;,
      177;4;-0.707107, 0.707107, 0.000000, 0.000000;;,
      178;4;-0.707107, 0.707107, 0.000000, 0.000000;;,
      179;4;-0.707107, 0.707107, 0.000000, 0.000000;;,
      180;4;-0.707107, 0.707107, 0.000000, 0.000000;;,
      181;4;-0.707107, 0.707107, 0.000000, 0.000000;;,
      182;4;-0.707107, 0.707107, 0.000000, 0.000000;;,
      183;4;-0.707107, 0.707107, 0.000000, 0.000000;;,
      184;4;-0.707107, 0.707107, 0.000000, 0.000000;;,
      185;4;-0.707107, 0.707107, 0.000000, 0.000000;;,
      186;4;-0.707107, 0.707107, 0.000000, 0.000000;;,
      187;4;-0.707107, 0.707107, 0.000000, 0.000000;;,
      188;4;-0.707107, 0.707107, 0.000000, 0.000000;;,
      189;4;-0.707107, 0.707107, 0.000000, 0.000000;;,
      190;4;-0.707107, 0.707107, 0.000000, 0.000000;;,
      191;4;-0.707107, 0.707107, 0.000000, 0.000000;;,
      192;4;-0.707107, 0.707107, 0.000000, 0.000000;;,
